idhh	idorighh	dwt	drgur	ils_origy	yem	yse	yiy	ypt	yprrt	poa	bun_s	tin_s	tscee_s	tscse_s	tscot_s	tscer_s	ils_dispy	bot_s	bfa02_s	bdioa_s	bchmt_s	ils_benmt	ils_bennt	ils_ben	ils_bensim	ils_tax	ils_taxsim	ils_sicdy	ils_pen
1	0	1	0	3200	3200	0	0	0	0	0	0	0	161,82	0	0	400	3038,18	0	0	0	0	0	0	0	0	0	0	561,82	0
2	0	1	0	0	0	0	0	0	0	0	0	0	0	0	0	0	2604	0	0	2604	0	2604	0	2604	2604	0	0	0	0
3	0	1	0	10	10	0	0	0	0	0	0	0	0	0	0	0	2726,94	0	0	2604	112,94	2716,94	0	2716,94	2716,94	0	0	0	0
4	0	1	0	20	20	0	0	0	0	0	0	0	0	0	0	0	2736,94	0	0	2604	112,94	2716,94	0	2716,94	2716,94	0	0	0	0
5	0	1	0	30	30	0	0	0	0	0	0	0	0	0	0	0	2746,94	0	0	2604	112,94	2716,94	0	2716,94	2716,94	0	0	0	0
6	0	1	0	40	40	0	0	0	0	0	0	0	0	0	0	0	2756,94	0	0	2604	112,94	2716,94	0	2716,94	2716,94	0	0	0	0
7	0	1	0	50	50	0	0	0	0	0	0	0	0	0	0	0	2766,94	0	0	2604	112,94	2716,94	0	2716,94	2716,94	0	0	0	0
8	0	1	0	60	60	0	0	0	0	0	0	0	0	0	0	0	2776,94	0	0	2604	112,94	2716,94	0	2716,94	2716,94	0	0	0	0
9	0	1	0	70	70	0	0	0	0	0	0	0	0	0	0	0	2786,94	0	0	2604	112,94	2716,94	0	2716,94	2716,94	0	0	0	0
10	0	1	0	80	80	0	0	0	0	0	0	0	0	0	0	0	2796,94	0	0	2604	112,94	2716,94	0	2716,94	2716,94	0	0	0	0
11	0	1	0	90	90	0	0	0	0	0	0	0	0	0	0	0	2806,94	0	0	2604	112,94	2716,94	0	2716,94	2716,94	0	0	0	0
12	0	1	0	100	100	0	0	0	0	0	0	0	0	0	0	0	2816,94	0	0	2604	112,94	2716,94	0	2716,94	2716,94	0	0	0	0
13	0	1	0	110	110	0	0	0	0	0	0	0	0	0	0	0	2826,94	0	0	2604	112,94	2716,94	0	2716,94	2716,94	0	0	0	0
14	0	1	0	120	120	0	0	0	0	0	0	0	0	0	0	0	2836,94	0	0	2604	112,94	2716,94	0	2716,94	2716,94	0	0	0	0
15	0	1	0	130	130	0	0	0	0	0	0	0	0	0	0	0	2846,94	0	0	2604	112,94	2716,94	0	2716,94	2716,94	0	0	0	0
16	0	1	0	140	140	0	0	0	0	0	0	0	0	0	0	0	2856,94	0	0	2604	112,94	2716,94	0	2716,94	2716,94	0	0	0	0
17	0	1	0	150	150	0	0	0	0	0	0	0	0	0	0	0	2866,94	0	0	2604	112,94	2716,94	0	2716,94	2716,94	0	0	0	0
18	0	1	0	160	160	0	0	0	0	0	0	0	0	0	0	0	2876,94	0	0	2604	112,94	2716,94	0	2716,94	2716,94	0	0	0	0
19	0	1	0	170	170	0	0	0	0	0	0	0	0	0	0	0	2886,94	0	0	2604	112,94	2716,94	0	2716,94	2716,94	0	0	0	0
20	0	1	0	180	180	0	0	0	0	0	0	0	0	0	0	0	2896,94	0	0	2604	112,94	2716,94	0	2716,94	2716,94	0	0	0	0
21	0	1	0	190	190	0	0	0	0	0	0	0	0	0	0	0	2906,94	0	0	2604	112,94	2716,94	0	2716,94	2716,94	0	0	0	0
22	0	1	0	200	200	0	0	0	0	0	0	0	0	0	0	0	2916,94	0	0	2604	112,94	2716,94	0	2716,94	2716,94	0	0	0	0
23	0	1	0	210	210	0	0	0	0	0	0	0	0	0	0	0	2926,94	0	0	2604	112,94	2716,94	0	2716,94	2716,94	0	0	0	0
24	0	1	0	220	220	0	0	0	0	0	0	0	0	0	0	0	2936,94	0	0	2604	112,94	2716,94	0	2716,94	2716,94	0	0	0	0
25	0	1	0	230	230	0	0	0	0	0	0	0	0	0	0	0	2946,94	0	0	2604	112,94	2716,94	0	2716,94	2716,94	0	0	0	0
26	0	1	0	240	240	0	0	0	0	0	0	0	0	0	0	0	2956,94	0	0	2604	112,94	2716,94	0	2716,94	2716,94	0	0	0	0
27	0	1	0	250	250	0	0	0	0	0	0	0	0	0	0	0	2966,94	0	0	2604	112,94	2716,94	0	2716,94	2716,94	0	0	0	0
28	0	1	0	260	260	0	0	0	0	0	0	0	0	0	0	0	2976,94	0	0	2604	112,94	2716,94	0	2716,94	2716,94	0	0	0	0
29	0	1	0	270	270	0	0	0	0	0	0	0	0	0	0	0	2986,94	0	0	2604	112,94	2716,94	0	2716,94	2716,94	0	0	0	0
30	0	1	0	280	280	0	0	0	0	0	0	0	0	0	0	0	2996,94	0	0	2604	112,94	2716,94	0	2716,94	2716,94	0	0	0	0
31	0	1	0	290	290	0	0	0	0	0	0	0	0	0	0	0	3006,94	0	0	2604	112,94	2716,94	0	2716,94	2716,94	0	0	0	0
32	0	1	0	300	300	0	0	0	0	0	0	0	0	0	0	0	3016,94	0	0	2604	112,94	2716,94	0	2716,94	2716,94	0	0	0	0
33	0	1	0	310	310	0	0	0	0	0	0	0	0	0	0	0	3026,94	0	0	2604	112,94	2716,94	0	2716,94	2716,94	0	0	0	0
34	0	1	0	320	320	0	0	0	0	0	0	0	0	0	0	0	3036,94	0	0	2604	112,94	2716,94	0	2716,94	2716,94	0	0	0	0
35	0	1	0	330	330	0	0	0	0	0	0	0	0	0	0	0	3046,94	0	0	2604	112,94	2716,94	0	2716,94	2716,94	0	0	0	0
36	0	1	0	340	340	0	0	0	0	0	0	0	0	0	0	0	3056,94	0	0	2604	112,94	2716,94	0	2716,94	2716,94	0	0	0	0
37	0	1	0	350	350	0	0	0	0	0	0	0	0	0	0	0	3066,94	0	0	2604	112,94	2716,94	0	2716,94	2716,94	0	0	0	0
38	0	1	0	360	360	0	0	0	0	0	0	0	0	0	0	0	3076,94	0	0	2604	112,94	2716,94	0	2716,94	2716,94	0	0	0	0
39	0	1	0	370	370	0	0	0	0	0	0	0	0	0	0	0	3086,94	0	0	2604	112,94	2716,94	0	2716,94	2716,94	0	0	0	0
40	0	1	0	380	380	0	0	0	0	0	0	0	0	0	0	0	3096,94	0	0	2604	112,94	2716,94	0	2716,94	2716,94	0	0	0	0
41	0	1	0	390	390	0	0	0	0	0	0	0	0	0	0	0	3106,94	0	0	2604	112,94	2716,94	0	2716,94	2716,94	0	0	0	0
42	0	1	0	400	400	0	0	0	0	0	0	0	0	0	0	0	3116,94	0	0	2604	112,94	2716,94	0	2716,94	2716,94	0	0	0	0
43	0	1	0	410	410	0	0	0	0	0	0	0	0	0	0	0	3126,94	0	0	2604	112,94	2716,94	0	2716,94	2716,94	0	0	0	0
44	0	1	0	420	420	0	0	0	0	0	0	0	0	0	0	0	3136,94	0	0	2604	112,94	2716,94	0	2716,94	2716,94	0	0	0	0
45	0	1	0	430	430	0	0	0	0	0	0	0	0	0	0	0	3146,94	0	0	2604	112,94	2716,94	0	2716,94	2716,94	0	0	0	0
46	0	1	0	440	440	0	0	0	0	0	0	0	0	0	0	0	3156,94	0	0	2604	112,94	2716,94	0	2716,94	2716,94	0	0	0	0
47	0	1	0	450	450	0	0	0	0	0	0	0	0	0	0	0	3166,94	0	0	2604	112,94	2716,94	0	2716,94	2716,94	0	0	0	0
48	0	1	0	460	460	0	0	0	0	0	0	0	0	0	0	0	3176,94	0	0	2604	112,94	2716,94	0	2716,94	2716,94	0	0	0	0
49	0	1	0	470	470	0	0	0	0	0	0	0	0	0	0	0	3186,94	0	0	2604	112,94	2716,94	0	2716,94	2716,94	0	0	0	0
50	0	1	0	480	480	0	0	0	0	0	0	0	0	0	0	0	3196,94	0	0	2604	112,94	2716,94	0	2716,94	2716,94	0	0	0	0
51	0	1	0	490	490	0	0	0	0	0	0	0	0	0	0	0	3206,94	0	0	2604	112,94	2716,94	0	2716,94	2716,94	0	0	0	0
52	0	1	0	500	500	0	0	0	0	0	0	0	0	0	0	0	3216,94	0	0	2604	112,94	2716,94	0	2716,94	2716,94	0	0	0	0
53	0	1	0	510	510	0	0	0	0	0	0	0	0	0	0	0	3226,94	0	0	2604	112,94	2716,94	0	2716,94	2716,94	0	0	0	0
54	0	1	0	520	520	0	0	0	0	0	0	0	0	0	0	0	3236,94	0	0	2604	112,94	2716,94	0	2716,94	2716,94	0	0	0	0
55	0	1	0	530	530	0	0	0	0	0	0	0	0	0	0	0	3246,94	0	0	2604	112,94	2716,94	0	2716,94	2716,94	0	0	0	0
56	0	1	0	540	540	0	0	0	0	0	0	0	0	0	0	0	3256,94	0	0	2604	112,94	2716,94	0	2716,94	2716,94	0	0	0	0
57	0	1	0	550	550	0	0	0	0	0	0	0	0	0	0	0	3266,94	0	0	2604	112,94	2716,94	0	2716,94	2716,94	0	0	0	0
58	0	1	0	560	560	0	0	0	0	0	0	0	0	0	0	0	3276,94	0	0	2604	112,94	2716,94	0	2716,94	2716,94	0	0	0	0
59	0	1	0	570	570	0	0	0	0	0	0	0	0	0	0	0	3286,94	0	0	2604	112,94	2716,94	0	2716,94	2716,94	0	0	0	0
60	0	1	0	580	580	0	0	0	0	0	0	0	0	0	0	0	3296,94	0	0	2604	112,94	2716,94	0	2716,94	2716,94	0	0	0	0
61	0	1	0	590	590	0	0	0	0	0	0	0	0	0	0	0	3306,94	0	0	2604	112,94	2716,94	0	2716,94	2716,94	0	0	0	0
62	0	1	0	600	600	0	0	0	0	0	0	0	0	0	0	0	3316,94	0	0	2604	112,94	2716,94	0	2716,94	2716,94	0	0	0	0
63	0	1	0	610	610	0	0	0	0	0	0	0	0	0	0	0	3326,94	0	0	2604	112,94	2716,94	0	2716,94	2716,94	0	0	0	0
64	0	1	0	620	620	0	0	0	0	0	0	0	0	0	0	0	3336,94	0	0	2604	112,94	2716,94	0	2716,94	2716,94	0	0	0	0
65	0	1	0	630	630	0	0	0	0	0	0	0	0	0	0	0	3346,94	0	0	2604	112,94	2716,94	0	2716,94	2716,94	0	0	0	0
66	0	1	0	640	640	0	0	0	0	0	0	0	0	0	0	0	3356,94	0	0	2604	112,94	2716,94	0	2716,94	2716,94	0	0	0	0
67	0	1	0	650	650	0	0	0	0	0	0	0	0	0	0	0	3366,94	0	0	2604	112,94	2716,94	0	2716,94	2716,94	0	0	0	0
68	0	1	0	660	660	0	0	0	0	0	0	0	0	0	0	0	3376,94	0	0	2604	112,94	2716,94	0	2716,94	2716,94	0	0	0	0
69	0	1	0	670	670	0	0	0	0	0	0	0	0	0	0	0	3386,94	0	0	2604	112,94	2716,94	0	2716,94	2716,94	0	0	0	0
70	0	1	0	680	680	0	0	0	0	0	0	0	0	0	0	0	3396,94	0	0	2604	112,94	2716,94	0	2716,94	2716,94	0	0	0	0
71	0	1	0	690	690	0	0	0	0	0	0	0	0	0	0	0	3406,94	0	0	2604	112,94	2716,94	0	2716,94	2716,94	0	0	0	0
72	0	1	0	700	700	0	0	0	0	0	0	0	0	0	0	0	3416,94	0	0	2604	112,94	2716,94	0	2716,94	2716,94	0	0	0	0
73	0	1	0	710	710	0	0	0	0	0	0	0	0	0	0	0	3426,94	0	0	2604	112,94	2716,94	0	2716,94	2716,94	0	0	0	0
74	0	1	0	720	720	0	0	0	0	0	0	0	0	0	0	0	3436,94	0	0	2604	112,94	2716,94	0	2716,94	2716,94	0	0	0	0
75	0	1	0	730	730	0	0	0	0	0	0	0	0	0	0	0	3446,94	0	0	2604	112,94	2716,94	0	2716,94	2716,94	0	0	0	0
76	0	1	0	740	740	0	0	0	0	0	0	0	0	0	0	0	3456,94	0	0	2604	112,94	2716,94	0	2716,94	2716,94	0	0	0	0
77	0	1	0	750	750	0	0	0	0	0	0	0	0	0	0	0	3466,94	0	0	2604	112,94	2716,94	0	2716,94	2716,94	0	0	0	0
78	0	1	0	760	760	0	0	0	0	0	0	0	0	0	0	0	3476,94	0	0	2604	112,94	2716,94	0	2716,94	2716,94	0	0	0	0
79	0	1	0	770	770	0	0	0	0	0	0	0	0	0	0	0	3486,94	0	0	2604	112,94	2716,94	0	2716,94	2716,94	0	0	0	0
80	0	1	0	780	780	0	0	0	0	0	0	0	0	0	0	0	3496,94	0	0	2604	112,94	2716,94	0	2716,94	2716,94	0	0	0	0
81	0	1	0	790	790	0	0	0	0	0	0	0	0	0	0	0	3506,94	0	0	2604	112,94	2716,94	0	2716,94	2716,94	0	0	0	0
82	0	1	0	800	800	0	0	0	0	0	0	0	0	0	0	0	3516,94	0	0	2604	112,94	2716,94	0	2716,94	2716,94	0	0	0	0
83	0	1	0	810	810	0	0	0	0	0	0	0	0	0	0	0	3526,94	0	0	2604	112,94	2716,94	0	2716,94	2716,94	0	0	0	0
84	0	1	0	820	820	0	0	0	0	0	0	0	0	0	0	0	3536,94	0	0	2604	112,94	2716,94	0	2716,94	2716,94	0	0	0	0
85	0	1	0	830	830	0	0	0	0	0	0	0	0	0	0	0	3546,94	0	0	2604	112,94	2716,94	0	2716,94	2716,94	0	0	0	0
86	0	1	0	840	840	0	0	0	0	0	0	0	0	0	0	0	3556,94	0	0	2604	112,94	2716,94	0	2716,94	2716,94	0	0	0	0
87	0	1	0	850	850	0	0	0	0	0	0	0	0	0	0	0	3566,94	0	0	2604	112,94	2716,94	0	2716,94	2716,94	0	0	0	0
88	0	1	0	860	860	0	0	0	0	0	0	0	0	0	0	0	3576,94	0	0	2604	112,94	2716,94	0	2716,94	2716,94	0	0	0	0
89	0	1	0	870	870	0	0	0	0	0	0	0	0	0	0	0	3586,94	0	0	2604	112,94	2716,94	0	2716,94	2716,94	0	0	0	0
90	0	1	0	880	880	0	0	0	0	0	0	0	0	0	0	0	3596,94	0	0	2604	112,94	2716,94	0	2716,94	2716,94	0	0	0	0
91	0	1	0	890	890	0	0	0	0	0	0	0	0	0	0	0	3606,94	0	0	2604	112,94	2716,94	0	2716,94	2716,94	0	0	0	0
92	0	1	0	900	900	0	0	0	0	0	0	0	0	0	0	0	3616,94	0	0	2604	112,94	2716,94	0	2716,94	2716,94	0	0	0	0
93	0	1	0	910	910	0	0	0	0	0	0	0	0	0	0	0	3626,94	0	0	2604	112,94	2716,94	0	2716,94	2716,94	0	0	0	0
94	0	1	0	920	920	0	0	0	0	0	0	0	0	0	0	0	3636,94	0	0	2604	112,94	2716,94	0	2716,94	2716,94	0	0	0	0
95	0	1	0	930	930	0	0	0	0	0	0	0	0	0	0	0	3646,94	0	0	2604	112,94	2716,94	0	2716,94	2716,94	0	0	0	0
96	0	1	0	940	940	0	0	0	0	0	0	0	0	0	0	0	3656,94	0	0	2604	112,94	2716,94	0	2716,94	2716,94	0	0	0	0
97	0	1	0	950	950	0	0	0	0	0	0	0	0	0	0	0	3666,94	0	0	2604	112,94	2716,94	0	2716,94	2716,94	0	0	0	0
98	0	1	0	960	960	0	0	0	0	0	0	0	0	0	0	0	3676,94	0	0	2604	112,94	2716,94	0	2716,94	2716,94	0	0	0	0
99	0	1	0	970	970	0	0	0	0	0	0	0	0	0	0	0	3686,94	0	0	2604	112,94	2716,94	0	2716,94	2716,94	0	0	0	0
100	0	1	0	980	980	0	0	0	0	0	0	0	0	0	0	0	3696,94	0	0	2604	112,94	2716,94	0	2716,94	2716,94	0	0	0	0
101	0	1	0	990	990	0	0	0	0	0	0	0	0	0	0	0	3706,94	0	0	2604	112,94	2716,94	0	2716,94	2716,94	0	0	0	0
102	0	1	0	1000	1000	0	0	0	0	0	0	0	0	0	0	0	3716,94	0	0	2604	112,94	2716,94	0	2716,94	2716,94	0	0	0	0
103	0	1	0	1010	1010	0	0	0	0	0	0	0	0	0	0	0	3726,94	0	0	2604	112,94	2716,94	0	2716,94	2716,94	0	0	0	0
104	0	1	0	1020	1020	0	0	0	0	0	0	0	0	0	0	0	3736,94	0	0	2604	112,94	2716,94	0	2716,94	2716,94	0	0	0	0
105	0	1	0	1030	1030	0	0	0	0	0	0	0	0	0	0	0	3746,94	0	0	2604	112,94	2716,94	0	2716,94	2716,94	0	0	0	0
106	0	1	0	1040	1040	0	0	0	0	0	0	0	0	0	0	0	3756,94	0	0	2604	112,94	2716,94	0	2716,94	2716,94	0	0	0	0
107	0	1	0	1050	1050	0	0	0	0	0	0	0	0	0	0	0	3766,94	0	0	2604	112,94	2716,94	0	2716,94	2716,94	0	0	0	0
108	0	1	0	1060	1060	0	0	0	0	0	0	0	0	0	0	0	3776,94	0	0	2604	112,94	2716,94	0	2716,94	2716,94	0	0	0	0
109	0	1	0	1070	1070	0	0	0	0	0	0	0	0	0	0	0	3786,94	0	0	2604	112,94	2716,94	0	2716,94	2716,94	0	0	0	0
110	0	1	0	1080	1080	0	0	0	0	0	0	0	0	0	0	0	3796,94	0	0	2604	112,94	2716,94	0	2716,94	2716,94	0	0	0	0
111	0	1	0	1090	1090	0	0	0	0	0	0	0	0	0	0	0	3806,94	0	0	2604	112,94	2716,94	0	2716,94	2716,94	0	0	0	0
112	0	1	0	1100	1100	0	0	0	0	0	0	0	0	0	0	0	3816,94	0	0	2604	112,94	2716,94	0	2716,94	2716,94	0	0	0	0
113	0	1	0	1110	1110	0	0	0	0	0	0	0	0	0	0	0	3826,94	0	0	2604	112,94	2716,94	0	2716,94	2716,94	0	0	0	0
114	0	1	0	1120	1120	0	0	0	0	0	0	0	0	0	0	0	3836,94	0	0	2604	112,94	2716,94	0	2716,94	2716,94	0	0	0	0
115	0	1	0	1130	1130	0	0	0	0	0	0	0	0	0	0	0	3846,94	0	0	2604	112,94	2716,94	0	2716,94	2716,94	0	0	0	0
116	0	1	0	1140	1140	0	0	0	0	0	0	0	0	0	0	0	3856,94	0	0	2604	112,94	2716,94	0	2716,94	2716,94	0	0	0	0
117	0	1	0	1150	1150	0	0	0	0	0	0	0	0	0	0	0	3866,94	0	0	2604	112,94	2716,94	0	2716,94	2716,94	0	0	0	0
118	0	1	0	1160	1160	0	0	0	0	0	0	0	0	0	0	0	3876,94	0	0	2604	112,94	2716,94	0	2716,94	2716,94	0	0	0	0
119	0	1	0	1170	1170	0	0	0	0	0	0	0	0	0	0	0	3886,94	0	0	2604	112,94	2716,94	0	2716,94	2716,94	0	0	0	0
120	0	1	0	1180	1180	0	0	0	0	0	0	0	0	0	0	0	3896,94	0	0	2604	112,94	2716,94	0	2716,94	2716,94	0	0	0	0
121	0	1	0	1190	1190	0	0	0	0	0	0	0	0	0	0	0	3906,94	0	0	2604	112,94	2716,94	0	2716,94	2716,94	0	0	0	0
122	0	1	0	1200	1200	0	0	0	0	0	0	0	0	0	0	0	3916,94	0	0	2604	112,94	2716,94	0	2716,94	2716,94	0	0	0	0
123	0	1	0	1210	1210	0	0	0	0	0	0	0	0	0	0	0	3926,94	0	0	2604	112,94	2716,94	0	2716,94	2716,94	0	0	0	0
124	0	1	0	1220	1220	0	0	0	0	0	0	0	91,62	0	0	244	3845,32	0	0	2604	112,94	2716,94	0	2716,94	2716,94	0	0	335,62	0
125	0	1	0	1230	1230	0	0	0	0	0	0	0	92,52	0	0	246	3854,42	0	0	2604	112,94	2716,94	0	2716,94	2716,94	0	0	338,52	0
126	0	1	0	1240	1240	0	0	0	0	0	0	0	93,42	0	0	248	3863,52	0	0	2604	112,94	2716,94	0	2716,94	2716,94	0	0	341,42	0
127	0	1	0	1250	1250	0	0	0	0	0	0	0	94,32	0	0	250	3872,62	0	0	2604	112,94	2716,94	0	2716,94	2716,94	0	0	344,32	0
128	0	1	0	1260	1260	0	0	0	0	0	0	0	95,22	0	0	252	3881,72	0	0	2604	112,94	2716,94	0	2716,94	2716,94	0	0	347,22	0
129	0	1	0	1270	1270	0	0	0	0	0	0	0	96,12	0	0	254	3890,82	0	0	2604	112,94	2716,94	0	2716,94	2716,94	0	0	350,12	0
130	0	1	0	1280	1280	0	0	0	0	0	0	0	97,02	0	0	256	3899,92	0	0	2604	112,94	2716,94	0	2716,94	2716,94	0	0	353,02	0
131	0	1	0	1290	1290	0	0	0	0	0	0	0	97,92	0	0	258	3909,02	0	0	2604	112,94	2716,94	0	2716,94	2716,94	0	0	355,92	0
132	0	1	0	1300	1300	0	0	0	0	0	0	0	98,82	0	0	260	3918,12	0	0	2604	112,94	2716,94	0	2716,94	2716,94	0	0	358,82	0
133	0	1	0	1310	1310	0	0	0	0	0	0	0	99,72	0	0	262	3927,22	0	0	2604	112,94	2716,94	0	2716,94	2716,94	0	0	361,72	0
134	0	1	0	1320	1320	0	0	0	0	0	0	0	100,62	0	0	264	3936,32	0	0	2604	112,94	2716,94	0	2716,94	2716,94	0	0	364,62	0
135	0	1	0	1330	1330	0	0	0	0	0	0	0	101,52	0	0	266	3945,42	0	0	2604	112,94	2716,94	0	2716,94	2716,94	0	0	367,52	0
136	0	1	0	1340	1340	0	0	0	0	0	0	0	102,42	0	0	268	3954,52	0	0	2604	112,94	2716,94	0	2716,94	2716,94	0	0	370,42	0
137	0	1	0	1350	1350	0	0	0	0	0	0	0	103,32	0	0	270	3963,62	0	0	2604	112,94	2716,94	0	2716,94	2716,94	0	0	373,32	0
138	0	1	0	1360	1360	0	0	0	0	0	0	0	104,22	0	0	272	3972,72	0	0	2604	112,94	2716,94	0	2716,94	2716,94	0	0	376,22	0
139	0	1	0	1370	1370	0	0	0	0	0	0	0	105,12	0	0	274	3981,82	0	0	2604	112,94	2716,94	0	2716,94	2716,94	0	0	379,12	0
140	0	1	0	1380	1380	0	0	0	0	0	0	0	106,02	0	0	276	3990,92	0	0	2604	112,94	2716,94	0	2716,94	2716,94	0	0	382,02	0
141	0	1	0	1390	1390	0	0	0	0	0	0	0	106,92	0	0	278	4000,02	0	0	2604	112,94	2716,94	0	2716,94	2716,94	0	0	384,92	0
142	0	1	0	1400	1400	0	0	0	0	0	0	0	107,82	0	0	280	4009,12	0	0	2604	112,94	2716,94	0	2716,94	2716,94	0	0	387,82	0
143	0	1	0	1410	1410	0	0	0	0	0	0	0	108,72	0	0	282	4018,22	0	0	2604	112,94	2716,94	0	2716,94	2716,94	0	0	390,72	0
144	0	1	0	1420	1420	0	0	0	0	0	0	0	109,62	0	0	284	4027,32	0	0	2604	112,94	2716,94	0	2716,94	2716,94	0	0	393,62	0
145	0	1	0	1430	1430	0	0	0	0	0	0	0	110,52	0	0	286	4036,42	0	0	2604	112,94	2716,94	0	2716,94	2716,94	0	0	396,52	0
146	0	1	0	1440	1440	0	0	0	0	0	0	0	111,42	0	0	288	4045,52	0	0	2604	112,94	2716,94	0	2716,94	2716,94	0	0	399,42	0
147	0	1	0	1450	1450	0	0	0	0	0	0	0	112,32	0	0	290	4054,62	0	0	2604	112,94	2716,94	0	2716,94	2716,94	0	0	402,32	0
148	0	1	0	1460	1460	0	0	0	0	0	0	0	113,22	0	0	292	4063,72	0	0	2604	112,94	2716,94	0	2716,94	2716,94	0	0	405,22	0
149	0	1	0	1470	1470	0	0	0	0	0	0	0	114,12	0	0	294	4072,82	0	0	2604	112,94	2716,94	0	2716,94	2716,94	0	0	408,12	0
150	0	1	0	1480	1480	0	0	0	0	0	0	0	115,02	0	0	296	4081,92	0	0	2604	112,94	2716,94	0	2716,94	2716,94	0	0	411,02	0
151	0	1	0	1490	1490	0	0	0	0	0	0	0	115,92	0	0	298	4091,02	0	0	2604	112,94	2716,94	0	2716,94	2716,94	0	0	413,92	0
152	0	1	0	1500	1500	0	0	0	0	0	0	0	116,82	0	0	300	4100,12	0	0	2604	112,94	2716,94	0	2716,94	2716,94	0	0	416,82	0
153	0	1	0	1510	1510	0	0	0	0	0	0	0	117,72	0	0	302	4109,22	0	0	2604	112,94	2716,94	0	2716,94	2716,94	0	0	419,72	0
154	0	1	0	1520	1520	0	0	0	0	0	0	0	118,62	0	0	304	4118,32	0	0	2604	112,94	2716,94	0	2716,94	2716,94	0	0	422,62	0
155	0	1	0	1530	1530	0	0	0	0	0	0	0	119,52	0	0	306	4127,42	0	0	2604	112,94	2716,94	0	2716,94	2716,94	0	0	425,52	0
156	0	1	0	1540	1540	0	0	0	0	0	0	0	120,42	0	0	308	4136,52	0	0	2604	112,94	2716,94	0	2716,94	2716,94	0	0	428,42	0
157	0	1	0	1550	1550	0	0	0	0	0	0	0	121,32	0	0	310	4145,62	0	0	2604	112,94	2716,94	0	2716,94	2716,94	0	0	431,32	0
158	0	1	0	1560	1560	0	0	0	0	0	0	0	122,22	0	0	312	4154,72	0	0	2604	112,94	2716,94	0	2716,94	2716,94	0	0	434,22	0
159	0	1	0	1570	1570	0	0	0	0	0	0	0	123,12	0	0	314	4163,82	0	0	2604	112,94	2716,94	0	2716,94	2716,94	0	0	437,12	0
160	0	1	0	1580	1580	0	0	0	0	0	0	0	124,02	0	0	316	4172,92	0	0	2604	112,94	2716,94	0	2716,94	2716,94	0	0	440,02	0
161	0	1	0	1590	1590	0	0	0	0	0	0	0	124,92	0	0	318	4182,02	0	0	2604	112,94	2716,94	0	2716,94	2716,94	0	0	442,92	0
162	0	1	0	1600	1600	0	0	0	0	0	0	0	125,82	0	0	320	4191,12	0	0	2604	112,94	2716,94	0	2716,94	2716,94	0	0	445,82	0
163	0	1	0	1610	1610	0	0	0	0	0	0	0	126,72	0	0	322	4200,22	0	0	2604	112,94	2716,94	0	2716,94	2716,94	0	0	448,72	0
164	0	1	0	1620	1620	0	0	0	0	0	0	0	127,62	0	0	324	4209,32	0	0	2604	112,94	2716,94	0	2716,94	2716,94	0	0	451,62	0
165	0	1	0	1630	1630	0	0	0	0	0	0	0	128,52	0	0	326	4218,42	0	0	2604	112,94	2716,94	0	2716,94	2716,94	0	0	454,52	0
166	0	1	0	1640	1640	0	0	0	0	0	0	0	129,42	0	0	328	4227,52	0	0	2604	112,94	2716,94	0	2716,94	2716,94	0	0	457,42	0
167	0	1	0	1650	1650	0	0	0	0	0	0	0	130,32	0	0	330	4236,62	0	0	2604	112,94	2716,94	0	2716,94	2716,94	0	0	460,32	0
168	0	1	0	1660	1660	0	0	0	0	0	0	0	131,22	0	0	332	4132,78	0	0	2604	0	2604	0	2604	2604	0	0	463,22	0
169	0	1	0	1670	1670	0	0	0	0	0	0	0	132,12	0	0	334	4141,88	0	0	2604	0	2604	0	2604	2604	0	0	466,12	0
170	0	1	0	1680	1680	0	0	0	0	0	0	0	133,02	0	0	336	4150,98	0	0	2604	0	2604	0	2604	2604	0	0	469,02	0
171	0	1	0	1690	1690	0	0	0	0	0	0	0	133,92	0	0	338	4160,08	0	0	2604	0	2604	0	2604	2604	0	0	471,92	0
172	0	1	0	1700	1700	0	0	0	0	0	0	0	134,82	0	0	340	4169,18	0	0	2604	0	2604	0	2604	2604	0	0	474,82	0
173	0	1	0	1710	1710	0	0	0	0	0	0	0	135,72	0	0	342	4178,28	0	0	2604	0	2604	0	2604	2604	0	0	477,72	0
174	0	1	0	1720	1720	0	0	0	0	0	0	0	136,62	0	0	344	4187,38	0	0	2604	0	2604	0	2604	2604	0	0	480,62	0
175	0	1	0	1730	1730	0	0	0	0	0	0	0	137,52	0	0	346	4196,48	0	0	2604	0	2604	0	2604	2604	0	0	483,52	0
176	0	1	0	1740	1740	0	0	0	0	0	0	0	138,42	0	0	348	4205,58	0	0	2604	0	2604	0	2604	2604	0	0	486,42	0
177	0	1	0	1750	1750	0	0	0	0	0	0	0	139,32	0	0	350	4214,68	0	0	2604	0	2604	0	2604	2604	0	0	489,32	0
178	0	1	0	1760	1760	0	0	0	0	0	0	0	140,22	0	0	352	4223,78	0	0	2604	0	2604	0	2604	2604	0	0	492,22	0
179	0	1	0	1770	1770	0	0	0	0	0	0	0	141,12	0	0	354	4232,88	0	0	2604	0	2604	0	2604	2604	0	0	495,12	0
180	0	1	0	1780	1780	0	0	0	0	0	0	0	142,02	0	0	356	4241,98	0	0	2604	0	2604	0	2604	2604	0	0	498,02	0
181	0	1	0	1790	1790	0	0	0	0	0	0	0	142,92	0	0	358	4251,08	0	0	2604	0	2604	0	2604	2604	0	0	500,92	0
182	0	1	0	1800	1800	0	0	0	0	0	0	0	143,82	0	0	360	4260,18	0	0	2604	0	2604	0	2604	2604	0	0	503,82	0
183	0	1	0	1810	1810	0	0	0	0	0	0	0	144,72	0	0	362	4269,28	0	0	2604	0	2604	0	2604	2604	0	0	506,72	0
184	0	1	0	1820	1820	0	0	0	0	0	0	0	145,62	0	0	364	4278,38	0	0	2604	0	2604	0	2604	2604	0	0	509,62	0
185	0	1	0	1830	1830	0	0	0	0	0	0	0	146,52	0	0	366	4287,48	0	0	2604	0	2604	0	2604	2604	0	0	512,52	0
186	0	1	0	1840	1840	0	0	0	0	0	0	0	147,42	0	0	368	4296,58	0	0	2604	0	2604	0	2604	2604	0	0	515,42	0
187	0	1	0	1850	1850	0	0	0	0	0	0	0	148,32	0	0	370	4305,68	0	0	2604	0	2604	0	2604	2604	0	0	518,32	0
188	0	1	0	1860	1860	0	0	0	0	0	0	0	149,22	0	0	372	4314,78	0	0	2604	0	2604	0	2604	2604	0	0	521,22	0
189	0	1	0	1870	1870	0	0	0	0	0	0	0	150,12	0	0	374	4323,88	0	0	2604	0	2604	0	2604	2604	0	0	524,12	0
190	0	1	0	1880	1880	0	0	0	0	0	0	0	151,02	0	0	376	4332,98	0	0	2604	0	2604	0	2604	2604	0	0	527,02	0
191	0	1	0	1890	1890	0	0	0	0	0	0	0	151,92	0	0	378	4342,08	0	0	2604	0	2604	0	2604	2604	0	0	529,92	0
192	0	1	0	1900	1900	0	0	0	0	0	0	0	152,82	0	0	380	4351,18	0	0	2604	0	2604	0	2604	2604	0	0	532,82	0
193	0	1	0	1910	1910	0	0	0	0	0	0	0	153,72	0	0	382	4360,28	0	0	2604	0	2604	0	2604	2604	0	0	535,72	0
194	0	1	0	1920	1920	0	0	0	0	0	0	0	154,62	0	0	384	4369,38	0	0	2604	0	2604	0	2604	2604	0	0	538,62	0
195	0	1	0	1930	1930	0	0	0	0	0	0	0	155,52	0	0	386	4378,48	0	0	2604	0	2604	0	2604	2604	0	0	541,52	0
196	0	1	0	1940	1940	0	0	0	0	0	0	0	156,42	0	0	388	4387,58	0	0	2604	0	2604	0	2604	2604	0	0	544,42	0
197	0	1	0	1950	1950	0	0	0	0	0	0	0	157,32	0	0	390	4396,68	0	0	2604	0	2604	0	2604	2604	0	0	547,32	0
198	0	1	0	1960	1960	0	0	0	0	0	0	0	158,22	0	0	392	4405,78	0	0	2604	0	2604	0	2604	2604	0	0	550,22	0
199	0	1	0	1970	1970	0	0	0	0	0	0	0	159,12	0	0	394	4414,88	0	0	2604	0	2604	0	2604	2604	0	0	553,12	0
200	0	1	0	1980	1980	0	0	0	0	0	0	0	160,02	0	0	396	4423,98	0	0	2604	0	2604	0	2604	2604	0	0	556,02	0
201	0	1	0	1990	1990	0	0	0	0	0	0	0	160,92	0	0	398	4433,08	0	0	2604	0	2604	0	2604	2604	0	0	558,92	0
202	0	1	0	2000	2000	0	0	0	0	0	0	0	161,82	0	0	400	4442,18	0	0	2604	0	2604	0	2604	2604	0	0	561,82	0
203	0	1	0	2010	2010	0	0	0	0	0	0	0	162,72	0	0	402	4451,28	0	0	2604	0	2604	0	2604	2604	0	0	564,72	0
204	0	1	0	2020	2020	0	0	0	0	0	0	0	163,62	0	0	404	4460,38	0	0	2604	0	2604	0	2604	2604	0	0	567,62	0
205	0	1	0	2030	2030	0	0	0	0	0	0	0	164,52	0	0	406	4469,48	0	0	2604	0	2604	0	2604	2604	0	0	570,52	0
206	0	1	0	2040	2040	0	0	0	0	0	0	0	165,42	0	0	408	4478,58	0	0	2604	0	2604	0	2604	2604	0	0	573,42	0
207	0	1	0	2050	2050	0	0	0	0	0	0	0	166,32	0	0	410	4487,68	0	0	2604	0	2604	0	2604	2604	0	0	576,32	0
208	0	1	0	2060	2060	0	0	0	0	0	0	0	167,22	0	0	412	4496,78	0	0	2604	0	2604	0	2604	2604	0	0	579,22	0
209	0	1	0	2070	2070	0	0	0	0	0	0	0	168,12	0	0	414	4505,88	0	0	2604	0	2604	0	2604	2604	0	0	582,12	0
210	0	1	0	2080	2080	0	0	0	0	0	0	0	169,02	0	0	416	4514,98	0	0	2604	0	2604	0	2604	2604	0	0	585,02	0
211	0	1	0	2090	2090	0	0	0	0	0	0	0	169,92	0	0	418	4524,08	0	0	2604	0	2604	0	2604	2604	0	0	587,92	0
212	0	1	0	2100	2100	0	0	0	0	0	0	0	170,82	0	0	420	4533,18	0	0	2604	0	2604	0	2604	2604	0	0	590,82	0
213	0	1	0	2110	2110	0	0	0	0	0	0	0	171,72	0	0	422	4542,28	0	0	2604	0	2604	0	2604	2604	0	0	593,72	0
214	0	1	0	2120	2120	0	0	0	0	0	0	0	172,62	0	0	424	4551,38	0	0	2604	0	2604	0	2604	2604	0	0	596,62	0
215	0	1	0	2130	2130	0	0	0	0	0	0	0	173,52	0	0	426	4560,48	0	0	2604	0	2604	0	2604	2604	0	0	599,52	0
216	0	1	0	2140	2140	0	0	0	0	0	0	0	174,42	0	0	428	4569,58	0	0	2604	0	2604	0	2604	2604	0	0	602,42	0
217	0	1	0	2150	2150	0	0	0	0	0	0	0	175,32	0	0	430	4578,68	0	0	2604	0	2604	0	2604	2604	0	0	605,32	0
218	0	1	0	2160	2160	0	0	0	0	0	0	0	176,22	0	0	432	4587,78	0	0	2604	0	2604	0	2604	2604	0	0	608,22	0
219	0	1	0	2170	2170	0	0	0	0	0	0	0	177,12	0	0	434	4596,88	0	0	2604	0	2604	0	2604	2604	0	0	611,12	0
220	0	1	0	2180	2180	0	0	0	0	0	0	0	178,02	0	0	436	4605,98	0	0	2604	0	2604	0	2604	2604	0	0	614,02	0
221	0	1	0	2190	2190	0	0	0	0	0	0	0	178,92	0	0	438	4615,08	0	0	2604	0	2604	0	2604	2604	0	0	616,92	0
222	0	1	0	2200	2200	0	0	0	0	0	0	0	179,82	0	0	440	4624,18	0	0	2604	0	2604	0	2604	2604	0	0	619,82	0
223	0	1	0	2210	2210	0	0	0	0	0	0	0	180,72	0	0	442	4633,28	0	0	2604	0	2604	0	2604	2604	0	0	622,72	0
224	0	1	0	2220	2220	0	0	0	0	0	0	0	181,62	0	0	444	4642,38	0	0	2604	0	2604	0	2604	2604	0	0	625,62	0
225	0	1	0	2230	2230	0	0	0	0	0	0	0	182,52	0	0	446	4651,48	0	0	2604	0	2604	0	2604	2604	0	0	628,52	0
226	0	1	0	2240	2240	0	0	0	0	0	0	0	183,42	0	0	448	4660,58	0	0	2604	0	2604	0	2604	2604	0	0	631,42	0
227	0	1	0	2250	2250	0	0	0	0	0	0	0	184,32	0	0	450	4669,68	0	0	2604	0	2604	0	2604	2604	0	0	634,32	0
228	0	1	0	2260	2260	0	0	0	0	0	0	0	185,22	0	0	452	4678,78	0	0	2604	0	2604	0	2604	2604	0	0	637,22	0
229	0	1	0	2270	2270	0	0	0	0	0	0	0	186,12	0	0	454	4687,88	0	0	2604	0	2604	0	2604	2604	0	0	640,12	0
230	0	1	0	2280	2280	0	0	0	0	0	0	0	187,02	0	0	456	2092,98	0	0	0	0	0	0	0	0	0	0	643,02	0
231	0	1	0	2290	2290	0	0	0	0	0	0	0	187,92	0	0	458	2102,08	0	0	0	0	0	0	0	0	0	0	645,92	0
232	0	1	0	2300	2300	0	0	0	0	0	0	0	188,82	0	0	460	2111,18	0	0	0	0	0	0	0	0	0	0	648,82	0
233	0	1	0	2310	2310	0	0	0	0	0	0	0	189,72	0	0	462	2120,28	0	0	0	0	0	0	0	0	0	0	651,72	0
234	0	1	0	2320	2320	0	0	0	0	0	0	0	190,62	0	0	464	2129,38	0	0	0	0	0	0	0	0	0	0	654,62	0
235	0	1	0	2330	2330	0	0	0	0	0	0	0	191,52	0	0	466	2138,48	0	0	0	0	0	0	0	0	0	0	657,52	0
236	0	1	0	2340	2340	0	0	0	0	0	0	0	192,42	0	0	468	2147,58	0	0	0	0	0	0	0	0	0	0	660,42	0
237	0	1	0	2350	2350	0	0	0	0	0	0	0	193,32	0	0	470	2156,68	0	0	0	0	0	0	0	0	0	0	663,32	0
238	0	1	0	2360	2360	0	0	0	0	0	0	0	194,22	0	0	472	2165,78	0	0	0	0	0	0	0	0	0	0	666,22	0
239	0	1	0	2370	2370	0	0	0	0	0	0	0	195,12	0	0	474	2174,88	0	0	0	0	0	0	0	0	0	0	669,12	0
240	0	1	0	2380	2380	0	0	0	0	0	0	0	196,02	0	0	476	2183,98	0	0	0	0	0	0	0	0	0	0	672,02	0
241	0	1	0	2390	2390	0	0	0	0	0	0	0	196,92	0	0	478	2193,08	0	0	0	0	0	0	0	0	0	0	674,92	0
242	0	1	0	2400	2400	0	0	0	0	0	0	0	197,82	0	0	480	2202,18	0	0	0	0	0	0	0	0	0	0	677,82	0
243	0	1	0	2410	2410	0	0	0	0	0	0	0	198,72	0	0	482	2211,28	0	0	0	0	0	0	0	0	0	0	680,72	0
244	0	1	0	2420	2420	0	0	0	0	0	0	0	199,62	0	0	484	2220,38	0	0	0	0	0	0	0	0	0	0	683,62	0
245	0	1	0	2430	2430	0	0	0	0	0	0	0	200,6	0	0	486	2229,4	0	0	0	0	0	0	0	0	0	0	686,6	0
246	0	1	0	2440	2440	0	0	0	0	0	0	0	201,8	0	0	488	2238,2	0	0	0	0	0	0	0	0	0	0	689,8	0
247	0	1	0	2450	2450	0	0	0	0	0	0	0	203	0	0	490	2247	0	0	0	0	0	0	0	0	0	0	693	0
248	0	1	0	2460	2460	0	0	0	0	0	0	0	204,2	0	0	492	2255,8	0	0	0	0	0	0	0	0	0	0	696,2	0
249	0	1	0	2470	2470	0	0	0	0	0	0	0	205,4	0	0	494	2264,6	0	0	0	0	0	0	0	0	0	0	699,4	0
250	0	1	0	2480	2480	0	0	0	0	0	0	0	206,6	0	0	496	2273,4	0	0	0	0	0	0	0	0	0	0	702,6	0
251	0	1	0	2490	2490	0	0	0	0	0	0	0	207,8	0	0	498	2282,2	0	0	0	0	0	0	0	0	0	0	705,8	0
252	0	1	0	2500	2500	0	0	0	0	0	0	0	209	0	0	500	2291	0	0	0	0	0	0	0	0	0	0	709	0
253	0	1	0	2510	2510	0	0	0	0	0	0	0	210,2	0	0	502	2299,8	0	0	0	0	0	0	0	0	0	0	712,2	0
254	0	1	0	2520	2520	0	0	0	0	0	0	0	211,4	0	0	504	2308,6	0	0	0	0	0	0	0	0	0	0	715,4	0
255	0	1	0	2530	2530	0	0	0	0	0	0	0	212,6	0	0	506	2317,4	0	0	0	0	0	0	0	0	0	0	718,6	0
256	0	1	0	2540	2540	0	0	0	0	0	0	0	213,8	0	0	508	2326,2	0	0	0	0	0	0	0	0	0	0	721,8	0
257	0	1	0	2550	2550	0	0	0	0	0	0	0	215	0	0	510	2335	0	0	0	0	0	0	0	0	0	0	725	0
258	0	1	0	2560	2560	0	0	0	0	0	0	0	216,2	0	0	512	2343,8	0	0	0	0	0	0	0	0	0	0	728,2	0
259	0	1	0	2570	2570	0	0	0	0	0	0	0	217,4	0	0	514	2352,6	0	0	0	0	0	0	0	0	0	0	731,4	0
260	0	1	0	2580	2580	0	0	0	0	0	0	0	218,6	0	0	516	2361,4	0	0	0	0	0	0	0	0	0	0	734,6	0
261	0	1	0	2590	2590	0	0	0	0	0	0	0	219,8	0	0	518	2370,2	0	0	0	0	0	0	0	0	0	0	737,8	0
262	0	1	0	2600	2600	0	0	0	0	0	0	0	221	0	0	520	2379	0	0	0	0	0	0	0	0	0	0	741	0
263	0	1	0	2610	2610	0	0	0	0	0	0	0,47	222,2	0	0	522	2387,33	0	0	0	0	0	0	0	0	0,47	0,47	744,2	0
264	0	1	0	2620	2620	0	0	0	0	0	0	1	223,4	0	0	524	2395,6	0	0	0	0	0	0	0	0	1	1	747,4	0
265	0	1	0	2630	2630	0	0	0	0	0	0	1,53	224,6	0	0	526	2403,87	0	0	0	0	0	0	0	0	1,53	1,53	750,6	0
266	0	1	0	2640	2640	0	0	0	0	0	0	2,05	225,8	0	0	528	2412,15	0	0	0	0	0	0	0	0	2,05	2,05	753,8	0
267	0	1	0	2650	2650	0	0	0	0	0	0	2,58	227	0	0	530	2420,42	0	0	0	0	0	0	0	0	2,58	2,58	757	0
268	0	1	0	2660	2660	0	0	0	0	0	0	3,11	228,2	0	0	532	2428,69	0	0	0	0	0	0	0	0	3,11	3,11	760,2	0
269	0	1	0	2670	2670	0	0	0	0	0	0	3,64	229,4	0	0	534	2436,96	0	0	0	0	0	0	0	0	3,64	3,64	763,4	0
270	0	1	0	2680	2680	0	0	0	0	0	0	4,17	230,6	0	0	536	2445,23	0	0	0	0	0	0	0	0	4,17	4,17	766,6	0
271	0	1	0	2690	2690	0	0	0	0	0	0	4,69	231,8	0	0	538	2453,51	0	0	0	0	0	0	0	0	4,69	4,69	769,8	0
272	0	1	0	2700	2700	0	0	0	0	0	0	5,22	233	0	0	540	2461,78	0	0	0	0	0	0	0	0	5,22	5,22	773	0
273	0	1	0	2710	2710	0	0	0	0	0	0	5,75	234,2	0	0	542	2470,05	0	0	0	0	0	0	0	0	5,75	5,75	776,2	0
274	0	1	0	2720	2720	0	0	0	0	0	0	6,28	235,4	0	0	544	2478,32	0	0	0	0	0	0	0	0	6,28	6,28	779,4	0
275	0	1	0	2730	2730	0	0	0	0	0	0	6,81	236,6	0	0	546	2486,59	0	0	0	0	0	0	0	0	6,81	6,81	782,6	0
276	0	1	0	2740	2740	0	0	0	0	0	0	7,33	237,8	0	0	548	2494,87	0	0	0	0	0	0	0	0	7,33	7,33	785,8	0
277	0	1	0	2750	2750	0	0	0	0	0	0	7,86	239	0	0	550	2503,14	0	0	0	0	0	0	0	0	7,86	7,86	789	0
278	0	1	0	2760	2760	0	0	0	0	0	0	8,39	240,2	0	0	552	2511,41	0	0	0	0	0	0	0	0	8,39	8,39	792,2	0
279	0	1	0	2770	2770	0	0	0	0	0	0	8,92	241,4	0	0	554	2519,68	0	0	0	0	0	0	0	0	8,92	8,92	795,4	0
280	0	1	0	2780	2780	0	0	0	0	0	0	9,45	242,6	0	0	556	2527,95	0	0	0	0	0	0	0	0	9,45	9,45	798,6	0
281	0	1	0	2790	2790	0	0	0	0	0	0	9,97	243,8	0	0	558	2536,23	0	0	0	0	0	0	0	0	9,97	9,97	801,8	0
282	0	1	0	2800	2800	0	0	0	0	0	0	10,5	245	0	0	560	2544,5	0	0	0	0	0	0	0	0	10,5	10,5	805	0
283	0	1	0	2810	2810	0	0	0	0	0	0	11,03	246,2	0	0	562	2552,77	0	0	0	0	0	0	0	0	11,03	11,03	808,2	0
284	0	1	0	2820	2820	0	0	0	0	0	0	11,56	247,4	0	0	564	2561,04	0	0	0	0	0	0	0	0	11,56	11,56	811,4	0
285	0	1	0	2830	2830	0	0	0	0	0	0	12,09	248,6	0	0	566	2569,31	0	0	0	0	0	0	0	0	12,09	12,09	814,6	0
286	0	1	0	2840	2840	0	0	0	0	0	0	12,61	249,8	0	0	568	2577,59	0	0	0	0	0	0	0	0	12,61	12,61	817,8	0
287	0	1	0	2850	2850	0	0	0	0	0	0	13,14	251	0	0	570	2585,86	0	0	0	0	0	0	0	0	13,14	13,14	821	0
288	0	1	0	2860	2860	0	0	0	0	0	0	13,67	252,2	0	0	572	2594,13	0	0	0	0	0	0	0	0	13,67	13,67	824,2	0
289	0	1	0	2870	2870	0	0	0	0	0	0	14,2	253,4	0	0	574	2602,4	0	0	0	0	0	0	0	0	14,2	14,2	827,4	0
290	0	1	0	2880	2880	0	0	0	0	0	0	14,73	254,6	0	0	576	2610,67	0	0	0	0	0	0	0	0	14,73	14,73	830,6	0
291	0	1	0	2890	2890	0	0	0	0	0	0	15,25	255,8	0	0	578	2618,95	0	0	0	0	0	0	0	0	15,25	15,25	833,8	0
292	0	1	0	2900	2900	0	0	0	0	0	0	15,78	257	0	0	580	2627,22	0	0	0	0	0	0	0	0	15,78	15,78	837	0
293	0	1	0	2910	2910	0	0	0	0	0	0	16,31	258,2	0	0	582	2635,49	0	0	0	0	0	0	0	0	16,31	16,31	840,2	0
294	0	1	0	2920	2920	0	0	0	0	0	0	16,84	259,4	0	0	584	2643,76	0	0	0	0	0	0	0	0	16,84	16,84	843,4	0
295	0	1	0	2930	2930	0	0	0	0	0	0	17,37	260,6	0	0	586	2652,03	0	0	0	0	0	0	0	0	17,37	17,37	846,6	0
296	0	1	0	2940	2940	0	0	0	0	0	0	17,89	261,8	0	0	588	2660,31	0	0	0	0	0	0	0	0	17,89	17,89	849,8	0
297	0	1	0	2950	2950	0	0	0	0	0	0	18,42	263	0	0	590	2668,58	0	0	0	0	0	0	0	0	18,42	18,42	853	0
298	0	1	0	2960	2960	0	0	0	0	0	0	18,95	264,2	0	0	592	2676,85	0	0	0	0	0	0	0	0	18,95	18,95	856,2	0
299	0	1	0	2970	2970	0	0	0	0	0	0	19,48	265,4	0	0	594	2685,12	0	0	0	0	0	0	0	0	19,48	19,48	859,4	0
300	0	1	0	2980	2980	0	0	0	0	0	0	20,01	266,6	0	0	596	2693,39	0	0	0	0	0	0	0	0	20,01	20,01	862,6	0
301	0	1	0	2990	2990	0	0	0	0	0	0	20,53	267,8	0	0	598	2701,67	0	0	0	0	0	0	0	0	20,53	20,53	865,8	0
302	0	1	0	3000	3000	0	0	0	0	0	0	21,06	269	0	0	600	2709,94	0	0	0	0	0	0	0	0	21,06	21,06	869	0
303	0	1	0	3010	3010	0	0	0	0	0	0	21,59	270,2	0	0	602	2718,21	0	0	0	0	0	0	0	0	21,59	21,59	872,2	0
304	0	1	0	3020	3020	0	0	0	0	0	0	22,12	271,4	0	0	604	2726,48	0	0	0	0	0	0	0	0	22,12	22,12	875,4	0
305	0	1	0	3030	3030	0	0	0	0	0	0	22,65	272,6	0	0	606	2734,75	0	0	0	0	0	0	0	0	22,65	22,65	878,6	0
306	0	1	0	3040	3040	0	0	0	0	0	0	23,17	273,8	0	0	608	2743,03	0	0	0	0	0	0	0	0	23,17	23,17	881,8	0
307	0	1	0	3050	3050	0	0	0	0	0	0	23,7	275	0	0	610	2751,3	0	0	0	0	0	0	0	0	23,7	23,7	885	0
308	0	1	0	3060	3060	0	0	0	0	0	0	24,23	276,2	0	0	612	2759,57	0	0	0	0	0	0	0	0	24,23	24,23	888,2	0
309	0	1	0	3070	3070	0	0	0	0	0	0	24,76	277,4	0	0	614	2767,84	0	0	0	0	0	0	0	0	24,76	24,76	891,4	0
310	0	1	0	3080	3080	0	0	0	0	0	0	25,29	278,6	0	0	616	2776,11	0	0	0	0	0	0	0	0	25,29	25,29	894,6	0
311	0	1	0	3090	3090	0	0	0	0	0	0	25,81	279,8	0	0	618	2784,39	0	0	0	0	0	0	0	0	25,81	25,81	897,8	0
312	0	1	0	3100	3100	0	0	0	0	0	0	26,34	281	0	0	620	2792,66	0	0	0	0	0	0	0	0	26,34	26,34	901	0
313	0	1	0	3110	3110	0	0	0	0	0	0	26,87	282,2	0	0	622	2800,93	0	0	0	0	0	0	0	0	26,87	26,87	904,2	0
314	0	1	0	3120	3120	0	0	0	0	0	0	27,4	283,4	0	0	624	2809,2	0	0	0	0	0	0	0	0	27,4	27,4	907,4	0
315	0	1	0	3130	3130	0	0	0	0	0	0	27,93	284,6	0	0	626	2817,47	0	0	0	0	0	0	0	0	27,93	27,93	910,6	0
316	0	1	0	3140	3140	0	0	0	0	0	0	28,45	285,8	0	0	628	2825,75	0	0	0	0	0	0	0	0	28,45	28,45	913,8	0
317	0	1	0	3150	3150	0	0	0	0	0	0	28,98	287	0	0	630	2834,02	0	0	0	0	0	0	0	0	28,98	28,98	917	0
318	0	1	0	3160	3160	0	0	0	0	0	0	29,51	288,2	0	0	632	2842,29	0	0	0	0	0	0	0	0	29,51	29,51	920,2	0
319	0	1	0	3170	3170	0	0	0	0	0	0	30,04	289,4	0	0	634	2850,56	0	0	0	0	0	0	0	0	30,04	30,04	923,4	0
320	0	1	0	3180	3180	0	0	0	0	0	0	30,57	290,6	0	0	636	2858,83	0	0	0	0	0	0	0	0	30,57	30,57	926,6	0
321	0	1	0	3190	3190	0	0	0	0	0	0	31,09	291,8	0	0	638	2867,11	0	0	0	0	0	0	0	0	31,09	31,09	929,8	0
322	0	1	0	3200	3200	0	0	0	0	0	0	31,62	293	0	0	640	2875,38	0	0	0	0	0	0	0	0	31,62	31,62	933	0
323	0	1	0	3210	3210	0	0	0	0	0	0	32,15	294,2	0	0	642	2883,65	0	0	0	0	0	0	0	0	32,15	32,15	936,2	0
324	0	1	0	3220	3220	0	0	0	0	0	0	32,68	295,4	0	0	644	2891,92	0	0	0	0	0	0	0	0	32,68	32,68	939,4	0
325	0	1	0	3230	3230	0	0	0	0	0	0	33,21	296,6	0	0	646	2900,19	0	0	0	0	0	0	0	0	33,21	33,21	942,6	0
326	0	1	0	3240	3240	0	0	0	0	0	0	33,73	297,8	0	0	648	2908,47	0	0	0	0	0	0	0	0	33,73	33,73	945,8	0
327	0	1	0	3250	3250	0	0	0	0	0	0	34,26	299	0	0	650	2916,74	0	0	0	0	0	0	0	0	34,26	34,26	949	0
328	0	1	0	3260	3260	0	0	0	0	0	0	34,79	300,2	0	0	652	2925,01	0	0	0	0	0	0	0	0	34,79	34,79	952,2	0
329	0	1	0	3270	3270	0	0	0	0	0	0	35,32	301,4	0	0	654	2933,28	0	0	0	0	0	0	0	0	35,32	35,32	955,4	0
330	0	1	0	3280	3280	0	0	0	0	0	0	35,85	302,6	0	0	656	2941,55	0	0	0	0	0	0	0	0	35,85	35,85	958,6	0
331	0	1	0	3290	3290	0	0	0	0	0	0	36,37	303,8	0	0	658	2949,83	0	0	0	0	0	0	0	0	36,37	36,37	961,8	0
332	0	1	0	3300	3300	0	0	0	0	0	0	36,9	305	0	0	660	2958,1	0	0	0	0	0	0	0	0	36,9	36,9	965	0
333	0	1	0	3310	3310	0	0	0	0	0	0	37,43	306,2	0	0	662	2966,37	0	0	0	0	0	0	0	0	37,43	37,43	968,2	0
334	0	1	0	3320	3320	0	0	0	0	0	0	37,96	307,4	0	0	664	2974,64	0	0	0	0	0	0	0	0	37,96	37,96	971,4	0
335	0	1	0	3330	3330	0	0	0	0	0	0	38,49	308,6	0	0	666	2982,91	0	0	0	0	0	0	0	0	38,49	38,49	974,6	0
336	0	1	0	3340	3340	0	0	0	0	0	0	39,01	309,8	0	0	668	2991,19	0	0	0	0	0	0	0	0	39,01	39,01	977,8	0
337	0	1	0	3350	3350	0	0	0	0	0	0	39,54	311	0	0	670	2999,46	0	0	0	0	0	0	0	0	39,54	39,54	981	0
338	0	1	0	3360	3360	0	0	0	0	0	0	40,07	312,2	0	0	672	3007,73	0	0	0	0	0	0	0	0	40,07	40,07	984,2	0
339	0	1	0	3370	3370	0	0	0	0	0	0	40,6	313,4	0	0	674	3016	0	0	0	0	0	0	0	0	40,6	40,6	987,4	0
340	0	1	0	3380	3380	0	0	0	0	0	0	41,13	314,6	0	0	676	3024,27	0	0	0	0	0	0	0	0	41,13	41,13	990,6	0
341	0	1	0	3390	3390	0	0	0	0	0	0	41,65	315,8	0	0	678	3032,55	0	0	0	0	0	0	0	0	41,65	41,65	993,8	0
342	0	1	0	3400	3400	0	0	0	0	0	0	42,18	317	0	0	680	3040,82	0	0	0	0	0	0	0	0	42,18	42,18	997	0
343	0	1	0	3410	3410	0	0	0	0	0	0	42,71	318,2	0	0	682	3049,09	0	0	0	0	0	0	0	0	42,71	42,71	1000,2	0
344	0	1	0	3420	3420	0	0	0	0	0	0	43,24	319,4	0	0	684	3057,36	0	0	0	0	0	0	0	0	43,24	43,24	1003,4	0
345	0	1	0	3430	3430	0	0	0	0	0	0	43,77	320,6	0	0	686	3065,63	0	0	0	0	0	0	0	0	43,77	43,77	1006,6	0
346	0	1	0	3440	3440	0	0	0	0	0	0	44,29	321,8	0	0	688	3073,91	0	0	0	0	0	0	0	0	44,29	44,29	1009,8	0
347	0	1	0	3450	3450	0	0	0	0	0	0	44,82	323	0	0	690	3082,18	0	0	0	0	0	0	0	0	44,82	44,82	1013	0
348	0	1	0	3460	3460	0	0	0	0	0	0	45,35	324,2	0	0	692	3090,45	0	0	0	0	0	0	0	0	45,35	45,35	1016,2	0
349	0	1	0	3470	3470	0	0	0	0	0	0	45,88	325,4	0	0	694	3098,72	0	0	0	0	0	0	0	0	45,88	45,88	1019,4	0
350	0	1	0	3480	3480	0	0	0	0	0	0	46,41	326,6	0	0	696	3106,99	0	0	0	0	0	0	0	0	46,41	46,41	1022,6	0
351	0	1	0	3490	3490	0	0	0	0	0	0	46,93	327,8	0	0	698	3115,27	0	0	0	0	0	0	0	0	46,93	46,93	1025,8	0
352	0	1	0	3500	3500	0	0	0	0	0	0	47,46	329	0	0	700	3123,54	0	0	0	0	0	0	0	0	47,46	47,46	1029	0
353	0	1	0	3510	3510	0	0	0	0	0	0	47,99	330,2	0	0	702	3131,81	0	0	0	0	0	0	0	0	47,99	47,99	1032,2	0
354	0	1	0	3520	3520	0	0	0	0	0	0	48,52	331,4	0	0	704	3140,08	0	0	0	0	0	0	0	0	48,52	48,52	1035,4	0
355	0	1	0	3530	3530	0	0	0	0	0	0	49,05	332,6	0	0	706	3148,35	0	0	0	0	0	0	0	0	49,05	49,05	1038,6	0
356	0	1	0	3540	3540	0	0	0	0	0	0	49,57	333,8	0	0	708	3156,63	0	0	0	0	0	0	0	0	49,57	49,57	1041,8	0
357	0	1	0	3550	3550	0	0	0	0	0	0	50,1	335	0	0	710	3164,9	0	0	0	0	0	0	0	0	50,1	50,1	1045	0
358	0	1	0	3560	3560	0	0	0	0	0	0	50,63	336,2	0	0	712	3173,17	0	0	0	0	0	0	0	0	50,63	50,63	1048,2	0
359	0	1	0	3570	3570	0	0	0	0	0	0	51,16	337,4	0	0	714	3181,44	0	0	0	0	0	0	0	0	51,16	51,16	1051,4	0
360	0	1	0	3580	3580	0	0	0	0	0	0	51,69	338,6	0	0	716	3189,71	0	0	0	0	0	0	0	0	51,69	51,69	1054,6	0
361	0	1	0	3590	3590	0	0	0	0	0	0	52,21	339,8	0	0	718	3197,99	0	0	0	0	0	0	0	0	52,21	52,21	1057,8	0
362	0	1	0	3600	3600	0	0	0	0	0	0	52,74	341	0	0	720	3206,26	0	0	0	0	0	0	0	0	52,74	52,74	1061	0
363	0	1	0	3610	3610	0	0	0	0	0	0	53,27	342,2	0	0	722	3214,53	0	0	0	0	0	0	0	0	53,27	53,27	1064,2	0
364	0	1	0	3620	3620	0	0	0	0	0	0	53,8	343,4	0	0	724	3222,8	0	0	0	0	0	0	0	0	53,8	53,8	1067,4	0
365	0	1	0	3630	3630	0	0	0	0	0	0	54,33	344,6	0	0	726	3231,07	0	0	0	0	0	0	0	0	54,33	54,33	1070,6	0
366	0	1	0	3640	3640	0	0	0	0	0	0	54,85	345,8	0	0	728	3239,35	0	0	0	0	0	0	0	0	54,85	54,85	1073,8	0
367	0	1	0	3650	3650	0	0	0	0	0	0	55,37	347,18	0	0	730	3247,45	0	0	0	0	0	0	0	0	55,37	55,37	1077,18	0
368	0	1	0	3660	3660	0	0	0	0	0	0	55,89	348,58	0	0	732	3255,53	0	0	0	0	0	0	0	0	55,89	55,89	1080,58	0
369	0	1	0	3670	3670	0	0	0	0	0	0	56,4	349,98	0	0	734	3263,62	0	0	0	0	0	0	0	0	56,4	56,4	1083,98	0
370	0	1	0	3680	3680	0	0	0	0	0	0	56,92	351,38	0	0	736	3271,7	0	0	0	0	0	0	0	0	56,92	56,92	1087,38	0
371	0	1	0	3690	3690	0	0	0	0	0	0	57,43	352,78	0	0	738	3279,79	0	0	0	0	0	0	0	0	57,43	57,43	1090,78	0
372	0	1	0	3700	3700	0	0	0	0	0	0	57,95	354,18	0	0	740	3287,87	0	0	0	0	0	0	0	0	57,95	57,95	1094,18	0
373	0	1	0	3710	3710	0	0	0	0	0	0	58,47	355,58	0	0	742	3295,95	0	0	0	0	0	0	0	0	58,47	58,47	1097,58	0
374	0	1	0	3720	3720	0	0	0	0	0	0	58,98	356,98	0	0	744	3304,04	0	0	0	0	0	0	0	0	58,98	58,98	1100,98	0
375	0	1	0	3730	3730	0	0	0	0	0	0	59,5	358,38	0	0	746	3312,12	0	0	0	0	0	0	0	0	59,5	59,5	1104,38	0
376	0	1	0	3740	3740	0	0	0	0	0	0	60,01	359,78	0	0	748	3320,21	0	0	0	0	0	0	0	0	60,01	60,01	1107,78	0
377	0	1	0	3750	3750	0	0	0	0	0	0	60,53	361,18	0	0	750	3328,29	0	0	0	0	0	0	0	0	60,53	60,53	1111,18	0
378	0	1	0	3760	3760	0	0	0	0	0	0	61,05	362,58	0	0	752	3336,37	0	0	0	0	0	0	0	0	61,05	61,05	1114,58	0
379	0	1	0	3770	3770	0	0	0	0	0	0	61,56	363,98	0	0	754	3344,46	0	0	0	0	0	0	0	0	61,56	61,56	1117,98	0
380	0	1	0	3780	3780	0	0	0	0	0	0	62,08	365,38	0	0	756	3352,54	0	0	0	0	0	0	0	0	62,08	62,08	1121,38	0
381	0	1	0	3790	3790	0	0	0	0	0	0	62,59	366,78	0	0	758	3360,63	0	0	0	0	0	0	0	0	62,59	62,59	1124,78	0
382	0	1	0	3800	3800	0	0	0	0	0	0	63,11	368,18	0	0	760	3368,71	0	0	0	0	0	0	0	0	63,11	63,11	1128,18	0
383	0	1	0	3810	3810	0	0	0	0	0	0	63,63	369,58	0	0	762	3376,79	0	0	0	0	0	0	0	0	63,63	63,63	1131,58	0
384	0	1	0	3820	3820	0	0	0	0	0	0	64,14	370,98	0	0	764	3384,88	0	0	0	0	0	0	0	0	64,14	64,14	1134,98	0
385	0	1	0	3830	3830	0	0	0	0	0	0	64,66	372,38	0	0	766	3392,96	0	0	0	0	0	0	0	0	64,66	64,66	1138,38	0
386	0	1	0	3840	3840	0	0	0	0	0	0	65,17	373,78	0	0	768	3401,05	0	0	0	0	0	0	0	0	65,17	65,17	1141,78	0
387	0	1	0	3850	3850	0	0	0	0	0	0	65,69	375,18	0	0	770	3409,13	0	0	0	0	0	0	0	0	65,69	65,69	1145,18	0
388	0	1	0	3860	3860	0	0	0	0	0	0	66,21	376,58	0	0	772	3417,21	0	0	0	0	0	0	0	0	66,21	66,21	1148,58	0
389	0	1	0	3870	3870	0	0	0	0	0	0	66,72	377,98	0	0	774	3425,3	0	0	0	0	0	0	0	0	66,72	66,72	1151,98	0
390	0	1	0	3880	3880	0	0	0	0	0	0	67,24	379,38	0	0	776	3433,38	0	0	0	0	0	0	0	0	67,24	67,24	1155,38	0
391	0	1	0	3890	3890	0	0	0	0	0	0	67,75	380,78	0	0	778	3441,47	0	0	0	0	0	0	0	0	67,75	67,75	1158,78	0
392	0	1	0	3900	3900	0	0	0	0	0	0	68,27	382,18	0	0	780	3449,55	0	0	0	0	0	0	0	0	68,27	68,27	1162,18	0
393	0	1	0	3910	3910	0	0	0	0	0	0	68,79	383,58	0	0	782	3457,63	0	0	0	0	0	0	0	0	68,79	68,79	1165,58	0
394	0	1	0	3920	3920	0	0	0	0	0	0	69,41	384,98	0	0	784	3465,62	0	0	0	0	0	0	0	0	69,41	69,41	1168,98	0
395	0	1	0	3930	3930	0	0	0	0	0	0	70,44	386,38	0	0	786	3473,18	0	0	0	0	0	0	0	0	70,44	70,44	1172,38	0
396	0	1	0	3940	3940	0	0	0	0	0	0	71,47	387,78	0	0	788	3480,75	0	0	0	0	0	0	0	0	71,47	71,47	1175,78	0
397	0	1	0	3950	3950	0	0	0	0	0	0	72,5	389,18	0	0	790	3488,32	0	0	0	0	0	0	0	0	72,5	72,5	1179,18	0
398	0	1	0	3960	3960	0	0	0	0	0	0	73,53	390,58	0	0	792	3495,89	0	0	0	0	0	0	0	0	73,53	73,53	1182,58	0
399	0	1	0	3970	3970	0	0	0	0	0	0	74,57	391,98	0	0	794	3503,46	0	0	0	0	0	0	0	0	74,57	74,57	1185,98	0
400	0	1	0	3980	3980	0	0	0	0	0	0	75,6	393,38	0	0	796	3511,02	0	0	0	0	0	0	0	0	75,6	75,6	1189,38	0
401	0	1	0	3990	3990	0	0	0	0	0	0	76,63	394,78	0	0	798	3518,59	0	0	0	0	0	0	0	0	76,63	76,63	1192,78	0
402	0	1	0	4000	4000	0	0	0	0	0	0	77,66	396,18	0	0	800	3526,16	0	0	0	0	0	0	0	0	77,66	77,66	1196,18	0
403	0	1	0	4010	4010	0	0	0	0	0	0	78,69	397,58	0	0	802	3533,73	0	0	0	0	0	0	0	0	78,69	78,69	1199,58	0
404	0	1	0	4020	4020	0	0	0	0	0	0	79,73	398,98	0	0	804	3541,3	0	0	0	0	0	0	0	0	79,73	79,73	1202,98	0
405	0	1	0	4030	4030	0	0	0	0	0	0	80,76	400,38	0	0	806	3548,86	0	0	0	0	0	0	0	0	80,76	80,76	1206,38	0
406	0	1	0	4040	4040	0	0	0	0	0	0	81,79	401,78	0	0	808	3556,43	0	0	0	0	0	0	0	0	81,79	81,79	1209,78	0
407	0	1	0	4050	4050	0	0	0	0	0	0	82,82	403,18	0	0	810	3564	0	0	0	0	0	0	0	0	82,82	82,82	1213,18	0
408	0	1	0	4060	4060	0	0	0	0	0	0	83,85	404,58	0	0	812	3571,57	0	0	0	0	0	0	0	0	83,85	83,85	1216,58	0
409	0	1	0	4070	4070	0	0	0	0	0	0	84,89	405,98	0	0	814	3579,14	0	0	0	0	0	0	0	0	84,89	84,89	1219,98	0
410	0	1	0	4080	4080	0	0	0	0	0	0	85,92	407,38	0	0	816	3586,7	0	0	0	0	0	0	0	0	85,92	85,92	1223,38	0
411	0	1	0	4090	4090	0	0	0	0	0	0	86,95	408,78	0	0	818	3594,27	0	0	0	0	0	0	0	0	86,95	86,95	1226,78	0
412	0	1	0	4100	4100	0	0	0	0	0	0	87,98	410,18	0	0	820	3601,84	0	0	0	0	0	0	0	0	87,98	87,98	1230,18	0
413	0	1	0	4110	4110	0	0	0	0	0	0	89,01	411,58	0	0	822	3609,41	0	0	0	0	0	0	0	0	89,01	89,01	1233,58	0
414	0	1	0	4120	4120	0	0	0	0	0	0	90,05	412,98	0	0	824	3616,98	0	0	0	0	0	0	0	0	90,05	90,05	1236,98	0
415	0	1	0	4130	4130	0	0	0	0	0	0	91,08	414,38	0	0	826	3624,54	0	0	0	0	0	0	0	0	91,08	91,08	1240,38	0
416	0	1	0	4140	4140	0	0	0	0	0	0	92,11	415,78	0	0	828	3632,11	0	0	0	0	0	0	0	0	92,11	92,11	1243,78	0
417	0	1	0	4150	4150	0	0	0	0	0	0	93,14	417,18	0	0	830	3639,68	0	0	0	0	0	0	0	0	93,14	93,14	1247,18	0
418	0	1	0	4160	4160	0	0	0	0	0	0	94,17	418,58	0	0	832	3647,25	0	0	0	0	0	0	0	0	94,17	94,17	1250,58	0
419	0	1	0	4170	4170	0	0	0	0	0	0	95,21	419,98	0	0	834	3654,82	0	0	0	0	0	0	0	0	95,21	95,21	1253,98	0
420	0	1	0	4180	4180	0	0	0	0	0	0	96,24	421,38	0	0	836	3662,38	0	0	0	0	0	0	0	0	96,24	96,24	1257,38	0
421	0	1	0	4190	4190	0	0	0	0	0	0	97,27	422,78	0	0	838	3669,95	0	0	0	0	0	0	0	0	97,27	97,27	1260,78	0
422	0	1	0	4200	4200	0	0	0	0	0	0	98,3	424,18	0	0	840	3677,52	0	0	0	0	0	0	0	0	98,3	98,3	1264,18	0
423	0	1	0	4210	4210	0	0	0	0	0	0	99,33	425,58	0	0	842	3685,09	0	0	0	0	0	0	0	0	99,33	99,33	1267,58	0
424	0	1	0	4220	4220	0	0	0	0	0	0	100,37	426,98	0	0	844	3692,66	0	0	0	0	0	0	0	0	100,37	100,37	1270,98	0
425	0	1	0	4230	4230	0	0	0	0	0	0	101,4	428,38	0	0	846	3700,22	0	0	0	0	0	0	0	0	101,4	101,4	1274,38	0
426	0	1	0	4240	4240	0	0	0	0	0	0	102,43	429,78	0	0	848	3707,79	0	0	0	0	0	0	0	0	102,43	102,43	1277,78	0
427	0	1	0	4250	4250	0	0	0	0	0	0	103,46	431,18	0	0	850	3715,36	0	0	0	0	0	0	0	0	103,46	103,46	1281,18	0
428	0	1	0	4260	4260	0	0	0	0	0	0	104,49	432,58	0	0	852	3722,93	0	0	0	0	0	0	0	0	104,49	104,49	1284,58	0
429	0	1	0	4270	4270	0	0	0	0	0	0	105,53	433,98	0	0	854	3730,5	0	0	0	0	0	0	0	0	105,53	105,53	1287,98	0
430	0	1	0	4280	4280	0	0	0	0	0	0	106,56	435,38	0	0	856	3738,06	0	0	0	0	0	0	0	0	106,56	106,56	1291,38	0
431	0	1	0	4290	4290	0	0	0	0	0	0	107,59	436,78	0	0	858	3745,63	0	0	0	0	0	0	0	0	107,59	107,59	1294,78	0
432	0	1	0	4300	4300	0	0	0	0	0	0	108,62	438,18	0	0	860	3753,2	0	0	0	0	0	0	0	0	108,62	108,62	1298,18	0
433	0	1	0	4310	4310	0	0	0	0	0	0	109,65	439,58	0	0	862	3760,77	0	0	0	0	0	0	0	0	109,65	109,65	1301,58	0
434	0	1	0	4320	4320	0	0	0	0	0	0	110,69	440,98	0	0	864	3768,34	0	0	0	0	0	0	0	0	110,69	110,69	1304,98	0
435	0	1	0	4330	4330	0	0	0	0	0	0	111,72	442,38	0	0	866	3775,9	0	0	0	0	0	0	0	0	111,72	111,72	1308,38	0
436	0	1	0	4340	4340	0	0	0	0	0	0	112,75	443,78	0	0	868	3783,47	0	0	0	0	0	0	0	0	112,75	112,75	1311,78	0
437	0	1	0	4350	4350	0	0	0	0	0	0	113,78	445,18	0	0	870	3791,04	0	0	0	0	0	0	0	0	113,78	113,78	1315,18	0
438	0	1	0	4360	4360	0	0	0	0	0	0	114,81	446,58	0	0	872	3798,61	0	0	0	0	0	0	0	0	114,81	114,81	1318,58	0
439	0	1	0	4370	4370	0	0	0	0	0	0	115,85	447,98	0	0	874	3806,18	0	0	0	0	0	0	0	0	115,85	115,85	1321,98	0
440	0	1	0	4380	4380	0	0	0	0	0	0	116,88	449,38	0	0	876	3813,74	0	0	0	0	0	0	0	0	116,88	116,88	1325,38	0
441	0	1	0	4390	4390	0	0	0	0	0	0	117,91	450,78	0	0	878	3821,31	0	0	0	0	0	0	0	0	117,91	117,91	1328,78	0
442	0	1	0	4400	4400	0	0	0	0	0	0	118,94	452,18	0	0	880	3828,88	0	0	0	0	0	0	0	0	118,94	118,94	1332,18	0
443	0	1	0	4410	4410	0	0	0	0	0	0	119,97	453,58	0	0	882	3836,45	0	0	0	0	0	0	0	0	119,97	119,97	1335,58	0
444	0	1	0	4420	4420	0	0	0	0	0	0	121,01	454,98	0	0	884	3844,02	0	0	0	0	0	0	0	0	121,01	121,01	1338,98	0
445	0	1	0	4430	4430	0	0	0	0	0	0	122,04	456,38	0	0	886	3851,58	0	0	0	0	0	0	0	0	122,04	122,04	1342,38	0
446	0	1	0	4440	4440	0	0	0	0	0	0	123,07	457,78	0	0	888	3859,15	0	0	0	0	0	0	0	0	123,07	123,07	1345,78	0
447	0	1	0	4450	4450	0	0	0	0	0	0	124,1	459,18	0	0	890	3866,72	0	0	0	0	0	0	0	0	124,1	124,1	1349,18	0
448	0	1	0	4460	4460	0	0	0	0	0	0	125,13	460,58	0	0	892	3874,29	0	0	0	0	0	0	0	0	125,13	125,13	1352,58	0
449	0	1	0	4470	4470	0	0	0	0	0	0	126,17	461,98	0	0	894	3881,86	0	0	0	0	0	0	0	0	126,17	126,17	1355,98	0
450	0	1	0	4480	4480	0	0	0	0	0	0	127,2	463,38	0	0	896	3889,42	0	0	0	0	0	0	0	0	127,2	127,2	1359,38	0
451	0	1	0	4490	4490	0	0	0	0	0	0	128,23	464,78	0	0	898	3896,99	0	0	0	0	0	0	0	0	128,23	128,23	1362,78	0
452	0	1	0	4500	4500	0	0	0	0	0	0	129,26	466,18	0	0	900	3904,56	0	0	0	0	0	0	0	0	129,26	129,26	1366,18	0
453	0	1	0	4510	4510	0	0	0	0	0	0	130,29	467,58	0	0	902	3912,13	0	0	0	0	0	0	0	0	130,29	130,29	1369,58	0
454	0	1	0	4520	4520	0	0	0	0	0	0	131,33	468,98	0	0	904	3919,7	0	0	0	0	0	0	0	0	131,33	131,33	1372,98	0
455	0	1	0	4530	4530	0	0	0	0	0	0	132,36	470,38	0	0	906	3927,26	0	0	0	0	0	0	0	0	132,36	132,36	1376,38	0
456	0	1	0	4540	4540	0	0	0	0	0	0	133,39	471,78	0	0	908	3934,83	0	0	0	0	0	0	0	0	133,39	133,39	1379,78	0
457	0	1	0	4550	4550	0	0	0	0	0	0	134,42	473,18	0	0	910	3942,4	0	0	0	0	0	0	0	0	134,42	134,42	1383,18	0
458	0	1	0	4560	4560	0	0	0	0	0	0	135,45	474,58	0	0	912	3949,97	0	0	0	0	0	0	0	0	135,45	135,45	1386,58	0
459	0	1	0	4570	4570	0	0	0	0	0	0	136,49	475,98	0	0	914	3957,54	0	0	0	0	0	0	0	0	136,49	136,49	1389,98	0
460	0	1	0	4580	4580	0	0	0	0	0	0	137,52	477,38	0	0	916	3965,1	0	0	0	0	0	0	0	0	137,52	137,52	1393,38	0
461	0	1	0	4590	4590	0	0	0	0	0	0	138,55	478,78	0	0	918	3972,67	0	0	0	0	0	0	0	0	138,55	138,55	1396,78	0
462	0	1	0	4600	4600	0	0	0	0	0	0	139,58	480,18	0	0	920	3980,24	0	0	0	0	0	0	0	0	139,58	139,58	1400,18	0
463	0	1	0	4610	4610	0	0	0	0	0	0	140,61	481,58	0	0	922	3987,81	0	0	0	0	0	0	0	0	140,61	140,61	1403,58	0
464	0	1	0	4620	4620	0	0	0	0	0	0	141,65	482,98	0	0	924	3995,38	0	0	0	0	0	0	0	0	141,65	141,65	1406,98	0
465	0	1	0	4630	4630	0	0	0	0	0	0	142,68	484,38	0	0	926	4002,94	0	0	0	0	0	0	0	0	142,68	142,68	1410,38	0
466	0	1	0	4640	4640	0	0	0	0	0	0	143,71	485,78	0	0	928	4010,51	0	0	0	0	0	0	0	0	143,71	143,71	1413,78	0
467	0	1	0	4650	4650	0	0	0	0	0	0	144,74	487,18	0	0	930	4018,08	0	0	0	0	0	0	0	0	144,74	144,74	1417,18	0
468	0	1	0	4660	4660	0	0	0	0	0	0	145,77	488,58	0	0	932	4025,65	0	0	0	0	0	0	0	0	145,77	145,77	1420,58	0
469	0	1	0	4670	4670	0	0	0	0	0	0	146,81	489,98	0	0	934	4033,22	0	0	0	0	0	0	0	0	146,81	146,81	1423,98	0
470	0	1	0	4680	4680	0	0	0	0	0	0	147,84	491,38	0	0	936	4040,78	0	0	0	0	0	0	0	0	147,84	147,84	1427,38	0
471	0	1	0	4690	4690	0	0	0	0	0	0	148,87	492,78	0	0	938	4048,35	0	0	0	0	0	0	0	0	148,87	148,87	1430,78	0
472	0	1	0	4700	4700	0	0	0	0	0	0	149,9	494,18	0	0	940	4055,92	0	0	0	0	0	0	0	0	149,9	149,9	1434,18	0
473	0	1	0	4710	4710	0	0	0	0	0	0	150,93	495,58	0	0	942	4063,49	0	0	0	0	0	0	0	0	150,93	150,93	1437,58	0
474	0	1	0	4720	4720	0	0	0	0	0	0	151,97	496,98	0	0	944	4071,06	0	0	0	0	0	0	0	0	151,97	151,97	1440,98	0
475	0	1	0	4730	4730	0	0	0	0	0	0	153	498,38	0	0	946	4078,62	0	0	0	0	0	0	0	0	153	153	1444,38	0
476	0	1	0	4740	4740	0	0	0	0	0	0	154,03	499,78	0	0	948	4086,19	0	0	0	0	0	0	0	0	154,03	154,03	1447,78	0
477	0	1	0	4750	4750	0	0	0	0	0	0	155,06	501,18	0	0	950	4093,76	0	0	0	0	0	0	0	0	155,06	155,06	1451,18	0
478	0	1	0	4760	4760	0	0	0	0	0	0	156,09	502,58	0	0	952	4101,33	0	0	0	0	0	0	0	0	156,09	156,09	1454,58	0
479	0	1	0	4770	4770	0	0	0	0	0	0	157,13	503,98	0	0	954	4108,9	0	0	0	0	0	0	0	0	157,13	157,13	1457,98	0
480	0	1	0	4780	4780	0	0	0	0	0	0	158,16	505,38	0	0	956	4116,46	0	0	0	0	0	0	0	0	158,16	158,16	1461,38	0
481	0	1	0	4790	4790	0	0	0	0	0	0	159,19	506,78	0	0	958	4124,03	0	0	0	0	0	0	0	0	159,19	159,19	1464,78	0
482	0	1	0	4800	4800	0	0	0	0	0	0	160,22	508,18	0	0	960	4131,6	0	0	0	0	0	0	0	0	160,22	160,22	1468,18	0
483	0	1	0	4810	4810	0	0	0	0	0	0	161,25	509,58	0	0	962	4139,17	0	0	0	0	0	0	0	0	161,25	161,25	1471,58	0
484	0	1	0	4820	4820	0	0	0	0	0	0	162,29	510,98	0	0	964	4146,74	0	0	0	0	0	0	0	0	162,29	162,29	1474,98	0
485	0	1	0	4830	4830	0	0	0	0	0	0	163,32	512,38	0	0	966	4154,3	0	0	0	0	0	0	0	0	163,32	163,32	1478,38	0
486	0	1	0	4840	4840	0	0	0	0	0	0	164,35	513,78	0	0	968	4161,87	0	0	0	0	0	0	0	0	164,35	164,35	1481,78	0
487	0	1	0	4850	4850	0	0	0	0	0	0	165,38	515,18	0	0	970	4169,44	0	0	0	0	0	0	0	0	165,38	165,38	1485,18	0
488	0	1	0	4860	4860	0	0	0	0	0	0	166,41	516,58	0	0	972	4177,01	0	0	0	0	0	0	0	0	166,41	166,41	1488,58	0
489	0	1	0	4870	4870	0	0	0	0	0	0	167,45	517,98	0	0	974	4184,58	0	0	0	0	0	0	0	0	167,45	167,45	1491,98	0
490	0	1	0	4880	4880	0	0	0	0	0	0	168,48	519,38	0	0	976	4192,14	0	0	0	0	0	0	0	0	168,48	168,48	1495,38	0
491	0	1	0	4890	4890	0	0	0	0	0	0	169,51	520,78	0	0	978	4199,71	0	0	0	0	0	0	0	0	169,51	169,51	1498,78	0
492	0	1	0	4900	4900	0	0	0	0	0	0	170,54	522,18	0	0	980	4207,28	0	0	0	0	0	0	0	0	170,54	170,54	1502,18	0
493	0	1	0	4910	4910	0	0	0	0	0	0	171,57	523,58	0	0	982	4214,85	0	0	0	0	0	0	0	0	171,57	171,57	1505,58	0
494	0	1	0	4920	4920	0	0	0	0	0	0	172,61	524,98	0	0	984	4222,42	0	0	0	0	0	0	0	0	172,61	172,61	1508,98	0
495	0	1	0	4930	4930	0	0	0	0	0	0	173,64	526,38	0	0	986	4229,98	0	0	0	0	0	0	0	0	173,64	173,64	1512,38	0
496	0	1	0	4940	4940	0	0	0	0	0	0	174,67	527,78	0	0	988	4237,55	0	0	0	0	0	0	0	0	174,67	174,67	1515,78	0
497	0	1	0	4950	4950	0	0	0	0	0	0	175,7	529,18	0	0	990	4245,12	0	0	0	0	0	0	0	0	175,7	175,7	1519,18	0
498	0	1	0	4960	4960	0	0	0	0	0	0	176,73	530,58	0	0	992	4252,69	0	0	0	0	0	0	0	0	176,73	176,73	1522,58	0
499	0	1	0	4970	4970	0	0	0	0	0	0	177,77	531,98	0	0	994	4260,26	0	0	0	0	0	0	0	0	177,77	177,77	1525,98	0
500	0	1	0	4980	4980	0	0	0	0	0	0	178,8	533,38	0	0	996	4267,82	0	0	0	0	0	0	0	0	178,8	178,8	1529,38	0
501	0	1	0	4990	4990	0	0	0	0	0	0	179,83	534,78	0	0	998	4275,39	0	0	0	0	0	0	0	0	179,83	179,83	1532,78	0
502	0	1	0	5000	5000	0	0	0	0	0	0	180,86	536,18	0	0	1000	4282,96	0	0	0	0	0	0	0	0	180,86	180,86	1536,18	0
